Pattern 21
 5
 6 4
12 7 3
13 11 8 2
15 14 10 9 1


Pattern 22
1
2 4
3 6 9
4 8 12 16
5 10 15 20 25


Pattern 23
 1
 6 2
10 7 3
13 11 8 4
15 14 12 9 5


Pattern 24
 1
 9 2
10 8 3
14 11 7 4
15 13 12 6 5


Pattern 25
 5
 6 4
12 7 3
13 11 8 2
15 14 10 9 1


Pattern 26
15
14 13
12 11 10
 9  8  7 6
 5  4  3 2 1


Pattern 27
 5
 9 4
12 8 3
14 11 7 2
15 13 10 6 1


Pattern 28
1
1 1
1 2 1
1 3 3 1
1 4 6 4 1


Pattern 29
1
1 2
2 3 4
4 5 6 7
7 8 9 10 11


Pattern 30
1
2 6
3 7 10
4 8 11 13
5 9 12 14 15


[Refer next Reference (31-40) for more]