Pattern 31
 1
 1 2
 3 5 8
13 21 34 55
89 144 233 377 610


Pattern 32
0
0 1
0 1 1
0 1 1 2
0 1 1 2 3


Pattern 33
1
2 4
1 3 5
2 4 6 8
1 3 5 7 9


Pattern 34
1
2 1
1 2 3
4 3 2 1
1 2 3 4 5


Pattern 35
1
A B
2 3 4
C D E F
5 6 7 8 9


Pattern 36
 1
 2 3 2
 4 5 6 5 4
 7 8 9 10 9 8 7
11 12 13 14 15 14 13 12 11


Pattern 37
1
1 2 3
1 2 3 4 5
1 2 3 4 5 6 7
1 2 3 4 5 6 7 8 9


Pattern 38
1
2 1 2
3 2 1 2 3
4 3 2 1 2 3 4
5 4 3 2 1 2 3 4 5


Pattern 39
0
4 0 4
3 4 0 4 3
2 3 4 0 4 3 2
1 2 3 4 0 4 3 2 1


Pattern 40
1
1 * 2
1 * 2 * 3
1 * 2 * 3 * 4
1 * 2 * 3 * 4 * 5


[Refer next Reference (41-50) for more]