Pattern 61
5
4 5
3 4 5
2 3 4 5
1 2 3 4 5


Pattern 62
1
2 1
3 2 1
4 3 2 1
5 4 3 2 1


Pattern 63
 2
 4 6
 8 10 12
14 16 18 20
22 24 26 28 30


Pattern 64
 1
 1 1
 1 2 1
 1 3 3 1
 1 4 6 4 1


Pattern 65
  1
  4 9
 16 25 36
 49 64 81 100
121 144 169 196 225


Pattern 66
15
14 13
12 11 10
 9 8 7 6
 5 4 3 2 1


Pattern 67
 1
 6 2
10 7 3
13 11 8 4
15 14 12 9 5


Pattern 68
 1
 9 2
10 8 3
14 11 7 4
15 13 12 6 5


Pattern 69
 5
 6 4
12 7 3
13 11 8 2
15 14 10 9 1


Pattern 70
5
9 4
12 8 3
14 11 7 2
15 13 10 6 1


Pattern 71
A
A B
A B C
A B C D
A B C D E


Pattern 72
*****
****
***
**
*


Pattern 73
1 2 3 4 5
1 2 3 4
1 2 3
1 2
1