Pattern 1

   1   2   3   4   5
   2   4   6   8  10
   3   6   9  12  15
   4   8  12  16  20
   5  10  15  20  25


Pattern 2

  1  1  2  1  3  1  4  1  5  1
  1  2  2  2  3  2  4  2  5  2
  1  3  2  3  3  3  4  3  5  3
  1  4  2  4  3  4  4  4  5  4
  1  5  2  5  3  5  4  5  5  5


Pattern 3

   1   6  11  16  21
   2   7  12  17  22
   3   8  13  18  23
   4   9  14  19  24
   5  10  15  20  25


Pattern 4

    1    1    2    1    3    1    4    1    5    1
    1    2    2    2    3    2    4    2    5    2
    1    3    2    3    3    3    4    3    5    3
    1    4    2    4    3    4    4    4    5    4
    1    5    2    5    3    5    4    5    5    5
    1    1    1    2    1    3    1    4    1    5
    2    1    2    2    2    3    2    4    2    5
    3    1    3    2    3    3    3    4    3    5
    4    1    4    2    4    3    4    4    4    5
    5    1    5    2    5    3    5    4    5    5


Pattern 5

   1   10   11   20   21
   2    9   12   19   22
   3    8   13   18   23
   4    7   14   17   24
   5    6   15   16   25


Pattern 6

   5  10  15  20  25
   4   9  14  19  24
   3   8  13  18  23
   2   7  12  17  22
   1   6  11  16  21


Pattern 7

   5   6  15  16  25
   4   7  14  17  24
   3   8  13  18  23
   2   9  12  19  22
   1  10  11  20  21


Pattern 8

   1   2   3   4   5
   2   3   4   5   6
   3   4   5   6   7
   4   5   6   7   8
   5   6   7   8   9


Pattern 9

   1   3   5   7   9
   3   5   7   9  11
   5   7   9  11  13
   7   9  11  13  15
   9  11  13  15  17


Pattern 10

0 1 0 1 0
1 0 1 0 1
0 1 0 1 0
1 0 1 0 1
0 1 0 1 0


Pattern 11

1 0 1 0 1 
0 0 0 0 0 
1 0 1 0 1 
0 0 0 0 0 
1 0 1 0 1


Pattern 12

A B C D E
B C D E F
C D E F G
D E F G H
E F G H I


Pattern 13

A F K P U
B G L Q V
C H M R W
D I N S X
E J O T Y


Pattern 14

E J O T Y
D I N S X
C H M R W
B G L Q V
A F K P U


Pattern 15

 1  2  3  4  5
 5  4  3  2  1
 1  2  3  4  5
 5  4  3  2  1
 1  2  3  4  5